10 10 30 5000 5000
44 1154 3636 1599 1771 2294 3903 404 2184 1790 2183 1445 247 1084 249 2211 456 983 2971 448 
1206 3416 4207 3439 4287 4180 4819 2992 2445 2501 1102 2547 1132 4682 2684 4419 3811 4940 1738 3481 
555 4754 2038 2488 4421 3776 2741 3713 1846 4156 1042 783 2205 2287 4781 3091 621 4661 2354 4176 4285 4478 217 2913 3459 2914 4895 4275 1417 175 669 4428 3427 2039 4548 182 3055 3731 4500 775 968 720 3773 3030 1732 1273 2094 1621 779 2009 4096 2032 3125 1931 3693 3050 4026 835 337 941 
50 
37 46 47 49 
22 27 44 
38 40 49 
22 27 43 44 47 
27 43 44 
26 41 50 
32 45 
26 41 50 
 
17 29 36 
3 5 15 16 27 44 
12 13 14 28 31 34 42 
18 25 30 39 
11 17 18 20 24 30 
7 9 35 41 43 50 
3 5 6 15 22 44 47 
12 14 23 
17 21 36 
18 20 24 25 39 
13 19 23 34 
8 16 
12 37 39 42 48 
13 23 31 
26 41 
17 21 29 
2 33 46 47 
4 40 49 
18 24 30 33 48 
4 38 49 
7 9 26 35 43 50 
12 23 33 48 
5 6 26 41 44 
3 5 6 15 22 27 43 
8 16 
2 37 47 
2 5 15 27 37 46 
12 33 39 42 
2 4 38 40 
1 7 9 26 41 
