1 10 30 100 4.63526 +0.00050407907272461702 0.0123865 14.573 +0.00318829395057310869 0.00682057 5 11 2
2 10 30 100 4.79201 +0.00091630323755534668 0.011254 14.7897 +0.00303118111295455396 0.00801655 5 11 3
3 10 30 100 4.70093 +0.00075270611530291538 0.0122449 14.5119 +0.00321254917573507941 0.00527148 5 11 2
4 10 30 100 4.81889 +0.00064192887310590047 0.0151394 14.9688 +0.0028686641266376912 0.00613027 5 14 2
5 10 30 100 4.77291 +0.00022698332480008187 0.012087 15.2699 +0.00398768244845472295 0.00750188 5 9 2
6 10 30 100 4.70983 +0.00052890390089046759 0.00656276 14.5762 +0.0038770471633348705 0.00342195 5 9 2
7 10 30 100 4.88985 +0.00128273131151548739 0.0188235 15.786 +0.00488805935286253604 0.0112791 5 16 2
8 10 30 100 4.7923 +0.00101441636703397582 0.0120482 14.7951 +0.00328545702586637077 0.00621118 4 8 2
9 10 30 100 4.8306 +0.00084932062689902966 0.0119713 15.1451 +0.00356001568509974697 0.0040568 5 11 2
10 10 30 100 4.75098 +0.00093155223540696307 0.00973236 14.8352 +0.00283477751496566815 0.00567888 5 8 2
11 10 30 100 4.78085 +0.0009210192111833297 0.0112812 14.8855 +0.00281921764905806364 0.00568035 5 10 2
12 10 30 100 4.65664 +0.0013546143235750027 0.0155865 14.5768 +0.0025170520217656627 0.0060654 5 8 2
13 10 30 100 4.74812 +0.00107394353545059189 0.0105434 14.6132 +0.00331530134764035182 0.00759162 4 9 2
14 10 30 100 4.99993 +0.00125330758729164664 0.0177059 15.5606 +0.00359285830045871493 0.0181995 5 19 2
15 10 30 100 4.86704 +0.00087740691388044978 0.0157978 15.286 +0.00378460548130803636 0.0112275 6 20 2
16 10 30 100 4.74465 +0.00136435633523591202 0.00894309 14.7665 +0.00274389687368864417 0.00597713 5 9 2
17 10 30 100 4.73913 +0.00085441740486876746 0.0105605 15.1493 +0.00372628279117089862 0.00857071 5 11 2
18 10 30 100 5.38007 +0.00143483910230102183 0.0195369 16.8795 +0.00420418144281505762 0.0168312 6 22 2
19 10 30 100 4.63835 +0.00070098657323136788 0.0148148 14.476 +0.00256201605622852654 0.00531067 5 11 2
20 10 30 100 4.92104 +0.00062254300789268692 0.0263362 15.9942 +0.00377724757267631726 0.0126461 5 17 2
21 10 30 100 4.76941 +0.00112046092781960467 0.00968523 14.7807 +0.00359812307528094091 0.00723701 5 17 2
22 10 30 100 4.69634 +0.00066250290877276355 0.0114473 14.5767 +0.00358356414807756732 0.00814289 5 11 2
23 10 30 100 4.62846 +0.0007801839328256667 0.014038 14.4722 +0.00220260182453783585 0.0047758 5 10 2
24 10 30 100 4.68584 +0.00067644447468019619 0.0202922 14.7413 +0.00288664393352340216 0.00573664 5 10 2
25 10 30 100 5.02971 +0.0009945852594199491 0.0108108 15.7215 +0.00345021890285591901 0.0106615 5 23 2
26 10 30 100 4.7133 +0.00100362193453846547 0.00979592 14.5992 +0.00270301972133491736 0.00733368 5 11 2
27 10 30 100 4.73317 +0.00064960082692093015 0.00896496 14.6241 +0.00209052310838887435 0.0073433 5 10 2
28 10 30 100 4.92317 +0.00093918787778833852 0.0240683 15.7074 +0.00405841701279506629 0.0130152 5 17 2
29 10 30 100 4.81332 +0.00076043181251688335 0.00882825 14.9118 +0.00390627907406153556 0.00589592 5 10 2
30 10 30 100 4.71529 +0.00113820353443494344 0.0154221 15.0028 +0.00401034786103309136 0.00686673 5 11 2
31 10 30 100 4.81863 +0.00127166875605200935 0.00802568 14.8992 +0.0032957603536065889 0.00592478 5 11 2
32 10 30 100 4.88663 +0.00080319421379101023 0.0110759 15.2571 +0.00322668654273712029 0.00827068 5 14 2
33 10 30 100 4.82073 +0.00051327261951784756 0.0135674 14.8413 +0.00209604500978344032 0.0102854 5 11 2
34 10 30 100 5.08396 +0.00144623462223399039 0.00844206 16.6987 +0.00444834295975127847 0.0147761 6 24 2
35 10 30 100 4.96305 +0.00085314071801270074 0.0101642 15.5559 +0.00368409252393263569 0.010498 5 13 2
36 10 30 100 4.91427 +0.00132214723830963766 0.0141287 15.6227 +0.00339121066946605808 0.0104929 6 21 2
37 10 30 100 4.8698 +0.00063916282588645971 0.0118953 15.0355 +0.00188736733719086881 0.00895599 5 13 2
38 10 30 100 4.70251 +0.00065798972631494112 0.0073831 14.4173 +0.0027994224597234811 0.00587136 5 10 2
39 10 30 100 4.90596 +0.00115760822954408068 0.0117925 15.3576 +0.00385011993901613856 0.00945744 6 29 2
40 10 30 100 4.66533 +0.00151258781660532795 0.0139459 14.5401 +0.00199527768731821677 0.00687649 5 10 2
41 10 30 100 4.68523 +0.00151700547508705204 0.0138662 14.3695 +0.00254149900056854683 0.00455764 5 10 2
42 10 30 100 4.78701 +0.00071169820744970536 0.0168135 14.989 +0.0031297651795472929 0.010668 5 9 2
43 10 30 100 4.78314 +0.00090647653722810174 0.00968523 14.955 +0.00336237652699611981 0.00412477 5 10 2
44 10 30 100 4.97453 +0.00081710240052611827 0.0193199 15.8444 +0.00399943244035010398 0.0108565 6 19 2
45 10 30 100 4.96655 +0.00086325389545193673 0.0124708 15.5492 +0.00335557579403995574 0.0100911 5 19 2
46 10 30 100 4.82535 +0.00116495431338013009 0.0151274 15.0347 +0.00198598054812203497 0.00841407 5 16 2
47 10 30 100 4.71792 +0.00089848898642648253 0.00897959 14.6751 +0.00282612232773213801 0.00496472 5 8 2
48 10 30 100 4.74053 +0.00092577623654408548 0.00895037 14.6923 +0.0031308354904810814 0.00836164 5 11 2
49 10 30 100 4.9039 +0.00115936947905151262 0.0149371 15.3642 +0.00271916870427404194 0.00970149 5 19 2
50 10 30 100 4.80687 +0.00093215591454038965 0.00804505 14.7363 +0.0027461488142024585 0.00700935 5 10 2
1 12 30 100 5.85032 +0.00204858298900862548 0.0112063 15.1333 +0.00332788094544817469 0.0095887 5 11 2
2 12 30 100 5.98103 +0.00220758003211428431 0.0179949 15.5612 +0.00286146273632943858 0.0132256 5 19 2
3 12 30 100 5.77504 +0.00148340893126776605 0.01002 14.8161 +0.00307234971054997835 0.00830091 5 11 2
4 12 30 100 6.29706 +0.00191001507123350148 0.0136139 16.2094 +0.00300012088073635348 0.0133929 5 20 2
5 12 30 100 5.92812 +0.00126936155291289983 0.0213454 15.6285 +0.00253331470929587086 0.0102866 5 11 2
6 12 30 100 5.85683 +0.00162174264289142118 0.00999334 15.0221 +0.0031723950698855772 0.00637755 5 11 2
7 12 30 100 5.7324 +0.00282233320092791789 0.0100739 14.8737 +0.0028903986020441203 0.00795892 5 9 2
8 12 30 100 6.02732 +0.00176142103766708558 0.0109536 16.0508 +0.00395075262382902246 0.0142383 5 22 2
9 12 30 100 5.75693 +0.00147435834415633331 0.0120321 15.089 +0.00269541791637276958 0.00688073 5 10 2
10 12 30 100 5.71267 +0.00133394984566287897 0.012786 14.5515 +0.00201800075236042278 0.00583554 5 10 2
11 12 30 100 5.90408 +0.00111717445874382666 0.0137255 15.4907 +0.00303927872745793604 0.0118724 5 19 2
12 12 30 100 5.87626 +0.00138219296756688792 0.0170046 15.3149 +0.00276860870026108305 0.00727912 5 14 2
13 12 30 100 5.76544 +0.00163798398646271011 0.00937709 14.752 +0.00241413134822733023 0.00780843 4 11 2
14 12 30 100 5.77426 +0.00214175361097587533 0.00935829 14.6972 +0.00422111817642245987 0.00934822 5 11 2
15 12 30 100 5.81729 +0.00167749532161771185 0.0112732 15.2787 +0.00363392003338697047 0.00703694 4 10 2
16 12 30 100 5.73528 +0.0016847712932345607 0.00540176 14.6466 +0.0018719866451294747 0.0070922 5 8 2
17 12 30 100 5.70872 +0.00135736898454548425 0.00609756 14.5192 +0.00234683420362793181 0.00791348 5 11 2
18 12 30 100 5.75386 +0.00116118464168464409 0.0120401 14.78 +0.00404709796807636474 0.00777807 5 11 2
19 12 30 100 5.87371 +0.00160271489446984491 0.0111842 15.0969 +0.00388168773875854031 0.00813215 5 13 2
20 12 30 100 5.65513 +0.00185162784534245659 0.00952381 14.7226 +0.0028995433212135912 0.00574263 5 10 2
21 12 30 100 5.80894 +0.00197068240434000096 0.0138889 15.0818 +0.00307614518542241857 0.0086514 4 8 2
22 12 30 100 5.96836 +0.00189178176753867849 0.0116883 15.448 +0.00266919351007138558 0.0106515 5 13 2
23 12 30 100 5.98884 +0.00176248006411218538 0.0135659 15.468 +0.00409349597850018298 0.0118402 5 14 2
24 12 30 100 5.7687 +0.00256823017736758408 0.010688 14.6951 +0.00366249597289878844 0.00704777 5 8 2
25 12 30 100 5.97815 +0.00267582221768490236 0.0135747 15.6044 +0.00320263658429765179 0.00954479 5 12 2
26 12 30 100 5.96826 +0.00274337786552783679 0.00972132 15.5626 +0.00287159881697611548 0.00955882 5 12 2
27 12 30 100 6.13414 +0.00138740939766659097 0.0201005 16.2362 +0.00411083973575194236 0.0144961 5 17 2
28 12 30 100 5.74047 +0.00102792804336468247 0.0127261 15.1269 +0.00403768172071228935 0.0103379 5 11 2
29 12 30 100 6.00224 +0.00207697203911788344 0.00903809 15.0699 +0.00314314930834222156 0.0106383 5 11 2
30 12 30 100 5.75107 +0.00104124089756887627 0.0107239 14.7566 +0.00294236989478189687 0.00574113 5 11 2
31 12 30 100 5.84802 +0.00224243900718634865 0.0157687 15.1558 +0.00223410315584265518 0.00860977 5 12 2
32 12 30 100 5.76891 +0.00104806554862803692 0.0087073 14.7926 +0.0023139171043300138 0.00650195 5 11 2
33 12 30 100 6.03575 +0.00127942960599351545 0.0103026 15.9576 +0.00337714329560696834 0.0107862 5 15 2
34 12 30 100 5.71217 +0.00070729876291712491 0.0114555 14.7231 +0.00251587632469320657 0.00574563 5 11 2
35 12 30 100 5.72063 +0.00101809418997234138 0.0100942 14.7482 +0.00240487303736963864 0.00391236 4 9 2
36 12 30 100 5.74899 +0.00125723868257037101 0.0120482 14.8775 +0.00285001803275058594 0.00696056 5 10 2
37 12 30 100 5.94331 +0.00134870464486016499 0.0155743 15.4146 +0.0034419978162284093 0.0114201 5 14 2
38 12 30 100 5.86407 +0.00126527022064082869 0.00990099 15.2525 +0.00365714037323638428 0.00504796 5 11 2
39 12 30 100 5.8372 +0.00262097743270853447 0.0156965 14.7857 +0.00270243141479680387 0.00781047 5 11 2
40 12 30 100 5.6626 +0.00247650803947166374 0.0108475 14.452 +0.00200166730056635538 0.00770252 5 10 2
41 12 30 100 6.17997 +0.00076568868769635146 0.0212235 16.5607 +0.00474799001687053299 0.0155713 5 17 2
42 12 30 100 5.80535 +0.00252779592663224766 0.00929615 14.503 +0.00287075774385695545 0.00976511 5 11 2
43 12 30 100 5.69447 +0.00143057984926872058 0.013459 14.3622 +0.00226116071780309066 0.00590446 5 10 2
44 12 30 100 5.72244 +0.00102368217063148541 0.00809717 14.6914 +0.00265702106400740501 0.00630252 5 11 2
45 12 30 100 5.7879 +0.00140074315943152179 0.00602813 15.0334 +0.00299076186464150087 0.00816118 5 10 2
46 12 30 100 5.97443 +0.00190879314994885701 0.0142211 15.8475 +0.00306119208341602256 0.00773507 5 19 2
47 12 30 100 5.87205 +0.00150238904887225143 0.00988794 15.095 +0.00279694918691143012 0.00788002 5 12 2
48 12 30 100 5.82631 +0.00163465343438926976 0.00797872 14.9154 +0.00321488395454890493 0.00876289 5 10 2
49 12 30 100 5.83701 +0.00288238177005406633 0.0201692 15.0278 +0.00419464917199917761 0.00737163 5 15 2
50 12 30 100 5.97443 +0.0016254424719573848 0.0103493 14.9591 +0.00240483511920757118 0.0102459 5 13 2
1 14 30 100 6.74474 +0.00075729767739697143 0.00745841 14.8242 +0.0021263515874424897 0.00753247 4 10 2
2 14 30 100 6.86592 +0.00079618814674169969 0.00735294 14.9131 +0.0027105543901289256 0.0059493 4 8 2
3 14 30 100 7.38142 +0.00169316332549366777 0.0217391 16.3304 +0.00386915167105781794 0.0137465 5 25 2
4 14 30 100 6.81396 +0.00078742683434470634 0.00739477 15.1206 +0.00351542485844056604 0.00912779 5 11 2
5 14 30 100 6.95529 +0.00114903534363694253 0.00558347 15.1727 +0.00313404436485762136 0.00933872 5 10 2
6 14 30 100 6.76782 +0.00247681934027584211 0.00853242 14.5005 +0.00287055672006571685 0.00685835 4 13 2
7 14 30 100 6.82913 +0.00217918910712765061 0.0106802 14.7212 +0.00303687078199535502 0.00806032 4 12 2
8 14 30 100 6.90456 +0.00080683764501709392 0.0106205 15.2398 +0.00358042192642602791 0.0072901 4 10 2
9 14 30 100 7.086 +0.00172541303844085427 0.0141767 15.5725 +0.00362865469790956489 0.0124939 5 14 2
10 14 30 100 6.79381 +0.00097302348511101709 0.00911162 14.9872 +0.00296604499553435064 0.00769034 4 9 2
11 14 30 100 6.89774 +0.00126725542236234072 0.0128779 15.2741 +0.00254431922267734212 0.0100301 4 11 2
12 14 30 100 6.98346 +0.00076940769623853124 0.0100056 15.4627 +0.00352333082032832776 0.0103858 5 13 2
13 14 30 100 6.79995 +0.00088657628809068607 0.00797721 14.9782 +0.00279150149296514779 0.00540819 5 10 2
14 14 30 100 6.81717 +0.00078792576504249012 0.00851305 14.9068 +0.0027366254098425717 0.00874261 4 11 2
15 14 30 100 6.92637 +0.0009200838139773958 0.0106264 15.6287 +0.00350642977697841368 0.0120245 5 13 2
16 14 30 100 6.82233 +0.00090072825271049325 0.0130017 15.2863 +0.00361942979957799003 0.00778894 5 11 2
17 14 30 100 7.27681 +0.0015377883636134816 0.0200528 15.7142 +0.00365009743131773671 0.00875486 5 21 2
18 14 30 100 6.79952 +0.00097209507322434796 0.0107771 14.9489 +0.00362279489986474301 0.00894683 4 11 2
19 14 30 100 6.81031 +0.0013237745398583415 0.00739898 14.8017 +0.00225487911711103188 0.00934337 4 10 2
20 14 30 100 6.95265 +0.0005661970968273282 0.0204307 15.6988 +0.00223758937459191995 0.0119687 4 16 2
21 14 30 100 6.70967 +0.00108439809130717969 0.0114811 14.9588 +0.00241938137903572091 0.00871125 5 10 2
22 14 30 100 7.23839 +0.00082627850476620439 0.0139485 16.0854 +0.00266919740847404775 0.0137833 5 18 2
23 14 30 100 6.71621 +0.00203877544585983499 0.012 14.52 +0.00234678750400602726 0.00556439 5 11 2
24 14 30 100 7.29658 +0.00183052699642303821 0.0174419 15.7961 +0.0055878165182342499 0.0117873 5 18 2
25 14 30 100 7.11738 +0.00186684320929220499 0.0173724 16.1424 +0.00307578707627442286 0.0132859 5 11 2
26 14 30 100 7.16837 +0.00166725399241070257 0.0145631 15.8317 +0.00366490421961843403 0.0106075 5 14 2
27 14 30 100 6.72249 +0.00127960090806811444 0.0103034 14.6368 +0.00262726961585197171 0.00762155 4 8 2
28 14 30 100 7.20375 +0.00087322663298504234 0.0187467 15.8966 +0.00301659226776978747 0.011544 5 19 2
29 14 30 100 6.74498 +0.00128784808114933288 0.0102857 14.8014 +0.00283222840197886141 0.00626141 4 11 2
30 14 30 100 6.81522 +0.00108807592855361354 0.00739056 14.8314 +0.00268662654788998201 0.00546875 4 9 2
31 14 30 100 7.02615 +0.00104926586559427495 0.0104799 15.2528 +0.00289353028579698636 0.0102912 4 11 2
32 14 30 100 7.05587 +0.00134263655461485024 0.0126235 15.5238 +0.00322561888820159835 0.0108776 5 21 2
33 14 30 100 6.80169 +0.00091401859139251758 0.00627496 14.863 +0.00309807297408741187 0.00928074 5 11 2
34 14 30 100 6.98538 +0.00105590977259780387 0.00945495 15.9903 +0.00399335942440983717 0.0126461 5 18 2
35 14 30 100 6.94792 +0.00106422882372489615 0.00893356 15.471 +0.00326504033539453623 0.00842418 4 10 2
36 14 30 100 7.22749 +0.00129151250198779256 0.0192616 16.6641 +0.00390834278878552148 0.0175639 5 18 2
37 14 30 100 7.04871 +0.0013098378448212539 0.00989011 15.0503 +0.00291861208524355897 0.00764916 5 11 2
38 14 30 100 6.9744 +0.00060261704159800703 0.0105673 15.3809 +0.00361454377902740316 0.00848303 5 14 2
39 14 30 100 6.77003 +0.0011539854167459365 0.0136364 14.7571 +0.00181219083864905704 0.00992685 4 9 2
40 14 30 100 6.88268 +0.00145501660265322 0.0122358 14.5877 +0.00294700724700436733 0.0092081 5 8 2
41 14 30 100 6.94033 +0.00113602696181321971 0.0155556 15.489 +0.00372169610525533581 0.010141 5 13 2
42 14 30 100 6.7655 +0.00173904551718592372 0.00910125 14.6232 +0.00297458634335784272 0.00578643 4 9 2
43 14 30 100 7.10249 +0.00248292478012394705 0.0157523 15.6745 +0.00326866839535422251 0.0095682 5 13 2
44 14 30 100 6.95093 +0.00118966812755594701 0.0138966 15.6211 +0.00402575979324412858 0.00836203 4 9 2
45 14 30 100 7.02274 +0.00113980877011214319 0.0126932 15.5727 +0.00235938224252316027 0.0115849 5 17 2
46 14 30 100 7.13109 +0.00131474744603440829 0.0161725 15.4481 +0.00308802943167251516 0.00966543 5 18 2
47 14 30 100 7.08716 +0.00056819094986442996 0.0109709 15.5596 +0.00232513902986967829 0.0144608 5 12 2
48 14 30 100 7.08974 +0.00097594961457518286 0.0152672 15.839 +0.00314680489280984373 0.0127803 5 24 2
49 14 30 100 7.196 +0.00133377842716201613 0.0134844 15.928 +0.00341454970180233231 0.00794033 5 18 2
50 14 30 100 6.89466 +0.00156231320058447604 0.00338219 14.6996 +0.00271147485111619603 0.00734908 4 11 2
1 16 30 100 8.30574 +0.00197849756096971825 0.0220994 15.4681 +0.00413667855560539629 0.00965108 5 11 2
2 16 30 100 7.92122 +0.00147559279035005365 0.0145419 15.2286 +0.0024703415110504807 0.0103197 4 11 2
3 16 30 100 7.7947 +0.00171209831448725135 0.0108588 15.004 +0.00391721136414464911 0.00689655 4 9 2
4 16 30 100 8.17469 +0.00151797203390349577 0.0177903 15.0523 +0.00268023896413575261 0.0117407 5 11 2
5 16 30 100 7.81249 +0.00187903638982161695 0.0108428 14.7419 +0.00276334955406130644 0.00679028 4 8 2
6 16 30 100 7.84142 +0.00113916420026786333 0.00791687 15.0424 +0.00406938679323180478 0.0112045 4 9 2
7 16 30 100 8.25666 +0.00287383345015865779 0.0229885 15.0871 +0.0039675568919766423 0.0108888 5 13 2
8 16 30 100 7.91283 +0.00134382691302944228 0.00879336 15.0683 +0.00310231826089494054 0.00738665 4 8 2
9 16 30 100 8.62514 +0.00133324916040095658 0.0127215 16.674 +0.00382112156497491445 0.0198994 5 14 2
10 16 30 100 7.79484 +0.00115623822604906899 0.00647088 14.9175 +0.00319173587043659861 0.00465357 4 8 2
11 16 30 100 8.501 +0.00135427132611937193 0.0200638 17.092 +0.00478072130524860858 0.0136343 5 22 2
12 16 30 100 8.10424 +0.00090401874582375722 0.00958773 15.473 +0.00340533734811788528 0.010396 5 16 2
13 16 30 100 8.01594 +0.00178006336749532397 0.0120656 15.4887 +0.00295489189005890018 0.00893522 5 12 2
14 16 30 100 8.06414 +0.00153575101239102183 0.0162835 15.5609 +0.00311697883940736187 0.0118285 4 13 2
15 16 30 100 8.34467 +0.00107257437126581307 0.0229043 15.5623 +0.00304601146865692437 0.0128047 4 17 2
16 16 30 100 8.29683 +0.0016377929859957365 0.0163628 16.2429 +0.00328122979067809594 0.0134086 5 15 2
17 16 30 100 8.08033 +0.00085619728827080829 0.012931 15.7063 +0.00324719208266484862 0.0136187 5 16 2
18 16 30 100 7.83656 +0.00165400219239378834 0.00840336 14.9174 +0.00249373441857452311 0.00901365 4 8 2
19 16 30 100 8.06447 +0.00096630825836070273 0.00869145 15.6093 +0.00290133122894232076 0.0127858 5 11 2
20 16 30 100 7.8394 +0.00190802267011453846 0.00889768 15.0708 +0.00283098267840774084 0.0076746 4 8 2
21 16 30 100 7.93763 +0.00152659233972680119 0.0116845 15.3414 +0.00271321631997069544 0.00851277 5 11 2
22 16 30 100 8.0314 +0.00154013685061006153 0.0101351 15.2692 +0.0031708800362600487 0.00630358 5 12 2
23 16 30 100 8.05212 +0.00131665258173407588 0.0133971 15.2947 +0.0029638091795287127 0.0105131 4 11 2
24 16 30 100 8.48341 +0.0012242238903982684 0.0146386 16.0563 +0.0037765052662065561 0.0182162 4 12 2
25 16 30 100 7.82561 +0.00188607438686999809 0.00837851 14.8323 +0.00247994171044282491 0.00650533 4 10 2
26 16 30 100 8.03486 +0.00116194224994526632 0.0157593 15.3756 +0.00430036476936047163 0.00772682 4 10 2
27 16 30 100 7.79897 +0.00091468745445249532 0.00843254 14.7245 +0.00188616699839972799 0.00630418 5 10 2
28 16 30 100 8.1595 +0.00093610239270021896 0.0170293 15.4223 +0.0022050418065614727 0.0146584 4 19 2
29 16 30 100 8.09315 +0.00229675104614412402 0.0114723 15.5827 +0.00362390642768495229 0.0081381 5 11 2
30 16 30 100 7.82526 +0.00150355239134209529 0.00445986 14.5897 +0.00172537489149116877 0.00819889 4 10 2
31 16 30 100 8.01342 +0.00132961057611365439 0.0162446 14.8559 +0.00307137399190452444 0.00774194 4 11 2
32 16 30 100 8.087 +0.00139817311695908975 0.0180266 15.9412 +0.00284044780802491691 0.0145933 5 21 2
33 16 30 100 7.91609 +0.0014683420324176654 0.00831296 14.9825 +0.0029548456316292524 0.00615069 5 11 2
34 16 30 100 7.92444 +0.0013226602720810462 0.0182692 15.0052 +0.00249032187010166632 0.00642013 4 8 2
35 16 30 100 7.80338 +0.00119802138711168888 0.00498008 14.8429 +0.00245553586690307088 0.00492994 4 10 2
36 16 30 100 7.97235 +0.001987846968995914 0.0125908 15.3343 +0.00401528377646793065 0.00924769 5 10 2
37 16 30 100 8.38723 +0.00140088426274781229 0.0143652 16.5318 +0.0041409595201873981 0.0117674 5 17 2
38 16 30 100 8.15081 +0.00183043190803160323 0.0170213 15.7922 +0.00240039959193481634 0.0119019 5 20 2
39 16 30 100 8.35126 +0.00164212167571512925 0.017931 15.5579 +0.00353334804022979368 0.0156863 5 12 2
40 16 30 100 8.07439 +0.00140922921543149166 0.0221176 14.8187 +0.00244560585470005815 0.00544465 4 11 2
41 16 30 100 8.04111 +0.00129396490284916787 0.011583 15.783 +0.00385235642250062276 0.0102414 5 13 2
42 16 30 100 7.98659 +0.00112600372025302132 0.0102041 15.4057 +0.00322506123996485326 0.00873253 5 16 2
43 16 30 100 7.83775 +0.00139076460197345498 0.0170565 14.7643 +0.0025530842228494875 0.00756785 5 10 2
44 16 30 100 8.05251 +0.00126382620301569828 0.0134551 15.6047 +0.00295941203404439977 0.00957055 5 19 2
45 16 30 100 8.44279 +0.00129674193155026069 0.0218281 16.0776 +0.00346337891669501707 0.0130952 5 12 2
46 16 30 100 8.05828 +0.00197290131292730636 0.0142721 14.8783 +0.00226056725874961145 0.00878099 5 8 2
47 16 30 100 7.89363 +0.00103444092707748093 0.00687961 15.05 +0.00219358736631817196 0.00690714 4 10 2
48 16 30 100 7.77623 +0.00180463783433013216 0.0118636 14.7731 +0.00229827364404165057 0.00936524 5 11 2
49 16 30 100 8.13621 +0.00106799216519511982 0.0236989 14.6233 +0.00341952039296479563 0.00760756 5 11 2
50 16 30 100 7.92797 +0.00140535932473912985 0.00684932 15.0189 +0.00280039622674227904 0.00667694 5 11 2
1 18 30 100 9.01617 +0.00193417769709108985 0.0106975 14.9114 +0.0028991490521769559 0.00724263 5 11 2
2 18 30 100 9.31221 +0.00222563333690928298 0.00833681 15.2248 +0.00260084572359979415 0.0106007 5 11 2
3 18 30 100 9.39832 +0.00193560915373331195 0.0140322 15.7632 +0.00300785297410804677 0.0133236 5 24 2
4 18 30 100 9.13926 +0.00163674340799594772 0.0118393 15.3669 +0.00281388173533366217 0.0124224 5 19 2
5 18 30 100 9.33637 +0.00166534375205519992 0.00916285 15.6925 +0.00310442547432583751 0.0126706 4 16 2
6 18 30 100 8.8852 +0.00284187211096800551 0.0116833 14.9024 +0.0030769819740831995 0.00540958 5 10 2
7 18 30 100 9.07368 +0.00152822317531953699 0.011504 15.5164 +0.00326753785846212071 0.00721752 4 13 2
8 18 30 100 9.37565 +0.00155689923093753814 0.0152829 16.0459 +0.00339438452969536246 0.0150322 5 15 2
9 18 30 100 9.14015 +0.00134518654753311354 0.00724947 15.7136 +0.0034774019580349151 0.00785276 5 11 2
10 18 30 100 9.06137 +0.00095587126096324519 0.00856898 15.0825 +0.00243631669707656346 0.00918602 4 13 2
11 18 30 100 9.56423 +0.00070157224452806761 0.00900532 16.0616 +0.00372256621125017611 0.0165798 5 17 2
12 18 30 100 8.94752 +0.00179489638046948467 0.00905563 14.5215 +0.00176190723075354144 0.00425758 5 11 2
13 18 30 100 9.70121 +0.00151000407672477813 0.0179569 16.5296 +0.00317534113705703164 0.0114166 5 14 2
14 18 30 100 9.38957 +0.001802220872330668 0.0120083 16.1546 +0.00245277930795700549 0.0197368 5 17 2
15 18 30 100 9.12819 +0.00245998292755719671 0.00893237 15.3919 +0.00278089433653332105 0.00677711 4 9 2
16 18 30 100 9.44414 +0.00279461240269203365 0.0151515 16.1241 +0.0033571693268202702 0.0123369 5 23 2
17 18 30 100 9.14756 +0.00169842348282220092 0.0118094 15.2745 +0.00338919131814472645 0.00730663 5 8 2
18 18 30 100 9.24195 +0.00138992758910468092 0.0100756 15.8403 +0.00235698246212456028 0.0113691 4 14 2
19 18 30 100 9.03292 +0.00158981873239822426 0.00817908 15.1454 +0.00291036525660102322 0.0111845 4 12 2
20 18 30 100 8.91878 +0.0015833438257923168 0.00956522 15.1183 +0.00237320087537967273 0.00944842 4 10 2
21 18 30 100 9.24456 +0.00156788367066734108 0.010952 15.6619 +0.002128979138702615 0.011305 5 16 2
22 18 30 100 9.3493 +0.00189981417721915872 0.00833681 15.3512 +0.00355071073258007696 0.012186 5 21 2
23 18 30 100 8.98255 +0.00181499638712790012 0.00818613 15.1269 +0.00279110692300155102 0.00993125 5 14 2
24 18 30 100 9.08328 +0.00226061126558980331 0.0119352 15.4902 +0.00300219825803597756 0.0089131 4 14 2
25 18 30 100 8.93585 +0.00167343152311454912 0.0112505 15.356 +0.00274325890573067072 0.00703518 4 8 2
26 18 30 100 9.39454 +0.00103011747846829742 0.0181593 16.2626 +0.00279431940902546628 0.0153628 5 22 2
27 18 30 100 9.44842 +0.00279706212644550189 0.00826105 15.9748 +0.00297087481281003547 0.0118044 5 13 2
28 18 30 100 8.9317 +0.0011622565046330245 0.00522421 14.8603 +0.00213160515916708385 0.00856475 5 10 2
29 18 30 100 9.22345 +0.00223442454367348804 0.01174 15.4958 +0.00317790536740006008 0.0140015 5 19 2
30 18 30 100 9.47903 +0.00154497924578692204 0.0167895 16.4473 +0.00434667404452241683 0.0119215 5 15 2
31 18 30 100 9.15231 +0.00078543081825095925 0.0118795 15.6113 +0.00313527060598286365 0.0146951 4 14 2
32 18 30 100 9.52583 +0.00149262896234478415 0.0150713 16.3724 +0.00348197874938619777 0.0105461 5 18 2
33 18 30 100 9.36221 +0.00198356528856981338 0.00955546 15.5529 +0.00548628640667073173 0.011258 5 16 2
34 18 30 100 8.83995 +0.0009541091010452071 0.0104941 14.777 +0.0023813517275123996 0.0078329 4 11 2
35 18 30 100 9.73369 +0.00142264717152978701 0.0136601 16.8935 +0.00312138740333339746 0.0145026 5 17 2
36 18 30 100 9.36406 +0.00162313603241991436 0.00873544 15.7894 +0.00522492158982490597 0.00991296 5 22 2
37 18 30 100 9.54067 +0.00132390685077660481 0.0154409 16.2682 +0.00411038351095778818 0.0136792 4 13 2
38 18 30 100 8.91158 +0.00217488309599884823 0.00778884 14.905 +0.00269047778434259016 0.00569211 4 8 2
39 18 30 100 8.9174 +0.00190536573349093741 0.00652742 14.9441 +0.00228878993161027298 0.00724638 4 10 2
40 18 30 100 9.41297 +0.00144123790577027863 0.0107438 15.7037 +0.00341444608875132553 0.00953079 5 13 2
41 18 30 100 8.97514 +0.00164066704849222758 0.00821089 15.1431 +0.00237788087383412559 0.00868011 4 8 2
42 18 30 100 9.40753 +0.00239506711749669334 0.00871369 16.4441 +0.00361058409676959105 0.0102636 5 14 2
43 18 30 100 9.14702 +0.00106534524750030821 0.0127226 15.615 +0.00316328185644440249 0.00790319 4 12 2
44 18 30 100 9.46606 +0.00233366580047870455 0.0110747 15.5234 +0.00388394297444877262 0.00986193 5 12 2
45 18 30 100 9.12571 +0.00107534861639038561 0.0144251 15.9143 +0.00351218566623147043 0.0103664 4 13 2
46 18 30 100 8.8624 +0.00190851074906774381 0.0125704 14.7368 +0.00225094038685594342 0.00524384 4 11 2
47 18 30 100 9.61967 +0.00192478404892434539 0.0176353 16.134 +0.00411167253407250079 0.0114068 6 24 2
48 18 30 100 8.94571 +0.00169835237972843603 0.00991379 14.9242 +0.00298624116614135557 0.00696415 4 11 2
49 18 30 100 8.80866 +0.00181600441207784528 0.0105125 15.1924 +0.00291958643355818359 0.00810742 4 11 2
50 18 30 100 9.40262 +0.00143165658262766665 0.0160099 15.5963 +0.0026843311464832029 0.0120601 5 13 2
1 20 30 100 10.5448 +0.00247231715773973076 0.0103131 15.3867 +0.00250902533032752606 0.00996264 4 8 2
2 20 30 100 9.98974 +0.00253496990647077787 0.00776096 14.7366 +0.00277986031098631863 0.0083442 4 8 2
3 20 30 100 11.0354 +0.00247679952574932903 0.0151569 16.6043 +0.00407265305764079895 0.0136416 5 25 2
4 20 30 100 10.9167 +0.00275334607738608199 0.0141693 15.6674 +0.00358476943555084773 0.0112387 5 17 2
5 20 30 100 10.5376 +0.00219655591872625732 0.0132304 15.5963 +0.00294330030200378182 0.0120304 5 18 2
6 20 30 100 10.2326 +0.00151699000855689386 0.0117247 15.4342 +0.00338152949687700634 0.00625469 5 11 2
7 20 30 100 10.4768 +0.00180958374478002778 0.00889878 15.4603 +0.00291985399374462231 0.00820283 5 13 2
8 20 30 100 10.7042 +0.00115699569415252122 0.0127273 16.3098 +0.00349014722965418726 0.0119578 5 16 2
9 20 30 100 10.2381 +0.0019087650064604793 0.0143396 15.3283 +0.00367227356207988494 0.00778894 5 11 2
10 20 30 100 10.6422 +0.00157816080404583391 0.0128393 16.369 +0.00417620018831432316 0.0143159 5 20 2
11 20 30 100 10.0186 +0.00173319986513889867 0.00964506 14.9042 +0.00321627275967010948 0.00826873 5 10 2
12 20 30 100 10.2621 +0.00228949909958242066 0.00908059 15.245 +0.00242661081398601881 0.00785805 5 11 2
13 20 30 100 10.7485 +0.00173030701563129954 0.0123681 16.0199 +0.00326073333107457808 0.0138856 5 13 2
14 20 30 100 10.5659 +0.00122991308125285951 0.0106932 15.7627 +0.00316538476382392762 0.0126152 5 15 2
15 20 30 100 11.052 +0.00103195786251279905 0.0141693 17.4756 +0.00374120661561673622 0.0166048 5 21 2
16 20 30 100 10.2522 +0.00185316478980760295 0.010602 15.7161 +0.00280580770344051343 0.00904424 4 10 2
17 20 30 100 10.4066 +0.00231932885335670721 0.00930406 15.3689 +0.00305493986885600499 0.011976 4 11 2
18 20 30 100 10.2792 +0.00246114508146936336 0.0120482 15.9015 +0.00325201754689778616 0.0104116 5 13 2
19 20 30 100 10.0428 +0.00202666984178384768 0.00697945 15.2721 +0.0026896366347371919 0.00761615 4 10 2
20 20 30 100 21 20 30 100 10.2489 +0.00240652187850966692 0.00759301 16.1379 +0.00343223947139946625 0.0128327 5 8 2
22 20 30 100 10.1534 +0.00150482709612671505 0.00648607 14.8423 +0.00219956367305346233 0.00600522 5 11 2
23 20 30 100 10.0065 +0.00251624174675163971 0.00925212 14.8157 +0.00171149055048498813 0.0055017 5 10 2
24 20 30 100 10.2318 +0.00118356755484088378 0.0106343 15.8391 +0.00266368100967398301 0.00759432 5 16 2
25 20 30 100 10.0491 +0.00273792659163794261 0.0103567 15.2449 +0.00229351093412858886 0.00807062 5 12 2
26 20 30 100 10.1807 +0.0014946504627138902 0.00460829 15.7785 +0.00288675922623918277 0.0100171 4 11 2
27 20 30 100 10.4855 +0.00162162982313428604 0.0107887 15.7614 +0.00241113577371265456 0.00953079 5 11 2
28 20 30 100 10.3311 +0.00121748171341448384 0.0109146 15.8559 +0.00272735203801756151 0.0125756 4 9 2
29 20 30 100 10.1587 +0.00218123602081571955 0.00954927 15.6129 +0.00314897181146287683 0.00544824 5 12 2
30 20 30 100 10.7322 +0.00156980292252254093 0.0177794 16.7614 +0.00306116668836759973 0.0196706 5 17 2
31 20 30 100 10.0812 +0.00178741124996966903 0.00694981 15.6811 +0.00373660023279992855 0.010787 4 9 2
32 20 30 100 9.94866 +0.00134149252203278718 0.00934579 14.9399 +0.00230855911415547958 0.00801241 5 12 2
33 20 30 100 10.1073 +0.00155427464245101962 0.00615148 14.6597 +0.00321584248421704643 0.0075956 4 8 2
34 20 30 100 10.0434 +0.00146788970014562087 0.0130518 14.87 +0.00224903649705172732 0.0085692 5 11 2
35 20 30 100 10.1292 +0.00231111377245057812 0.00538048 15.1826 +0.00268487296241320198 0.00559369 5 10 2
36 20 30 100 10.4818 +0.00134160392767678635 0.0122631 16.2986 +0.00323206457294612972 0.0122961 5 14 2
37 20 30 100 10.3016 +0.0023561555775471062 0.0116585 15.3902 +0.00330240969622775767 0.0129547 5 16 2
38 20 30 100 10.2382 +0.00140940347630147468 0.00611154 15.6379 +0.00309027243877845028 0.00911555 5 15 2
39 20 30 100 10.4313 +0.00135585693008208146 0.0163144 15.9496 +0.00303401322479896359 0.0130498 5 19 2
40 20 30 100 10.0987 +0.00095998062212001986 0.00959693 15.1561 +0.00243350198065085915 0.0091301 5 10 2
41 20 30 100 10.0159 +0.00161132646138737243 0.00968992 15.2535 +0.00204161492695328466 0.00862069 4 8 2
42 20 30 100 10.0255 +0.00186846759124138077 0.00618956 14.9785 +0.00243911994675783099 0.00876515 5 8 2
43 20 30 100 9.98011 +0.00227556033960487389 0.0119923 15.5639 +0.00329009458000773374 0.00867195 5 11 2
44 20 30 100 10.1975 +0.00358711541756570208 0.00949487 15.2763 +0.003102012999587969 0.00632111 5 11 2
45 20 30 100 10.0104 +0.00150374256858465907 0.00505837 15.2386 +0.00248759309879493365 0.00911854 5 11 2
46 20 30 100 10.2016 +0.00246980280631265051 0.00799695 15.2901 +0.00332497782883551326 0.0070529 5 11 2
47 20 30 100 10.1284 +0.00233142299086833277 0.00993125 15.3878 +0.00327023410111490513 0.00899326 4 9 2
48 20 30 100 10.3302 +0.00124465246680113992 0.00943396 15.8225 +0.00313760600224750621 0.0130973 5 14 2
49 20 30 100 50 20 30 100 10.2421 +0.0014862834751711356 0.00836184 15.4026 +0.00290657731107112914 0.00727182 5 11 2
